%YAML:1.0
histogram: !!opencv-nd-matrix
   sizes: [ 20, 10, 10 ]
   dt: f
   data: [ 57., 71., 40., 163., 428., 24., 21., 42., 80., 7854., 8., 64.,
       114., 994., 2339., 128., 18., 28., 38., 45., 63., 81., 447.,
       1002., 815., 47., 10., 15., 21., 9., 25., 201., 563., 852., 201.,
       19., 9., 8., 0., 0., 4., 489., 664., 695., 89., 13., 1., 0., 0.,
       0., 5., 383., 689., 591., 124., 10., 0., 0., 0., 0., 15., 600.,
       824., 541., 61., 1., 0., 0., 0., 0., 43., 596., 1298., 480., 25.,
       0., 0., 0., 0., 0., 24., 685., 1618., 638., 6., 0., 0., 0., 0.,
       0., 259., 970., 745., 834., 1., 0., 0., 0., 0., 0., 0., 0., 1.,
       256., 192., 5., 3., 40., 100., 192., 0., 9., 181., 1298., 2893.,
       89., 97., 161., 165., 232., 1., 90., 331., 1381., 4990., 276.,
       87., 101., 126., 116., 4., 311., 357., 1384., 2767., 137., 58.,
       111., 130., 51., 5., 306., 512., 1368., 970., 113., 73., 144.,
       77., 5., 15., 440., 481., 1824., 952., 108., 129., 73., 11., 0.,
       76., 221., 652., 2004., 1150., 205., 83., 13., 0., 0., 54., 315.,
       595., 2445., 1152., 184., 60., 2., 0., 0., 61., 414., 1424.,
       2779., 1214., 102., 17., 0., 0., 0., 462., 1729., 6359., 5858.,
       1842., 104., 1., 0., 0., 0., 0., 1., 9., 105., 65., 0., 2., 1.,
       33., 380., 2., 33., 150., 928., 775., 39., 88., 72., 94., 289.,
       5., 59., 164., 883., 7076., 164., 145., 226., 94., 146., 16.,
       113., 409., 1876., 7875., 300., 253., 291., 139., 96., 63., 101.,
       271., 2791., 4450., 296., 282., 276., 149., 38., 39., 140., 374.,
       4252., 4027., 373., 358., 351., 84., 6., 33., 184., 434., 4350.,
       4251., 415., 354., 222., 44., 5., 41., 222., 852., 4219., 3729.,
       389., 383., 139., 16., 1., 46., 196., 1258., 5056., 4095., 344.,
       329., 82., 6., 1., 341., 936., 3538., 12975., 20063., 961., 1159.,
       50., 3., 0., 1., 0., 7., 57., 17., 0., 2., 1., 4., 533., 0., 5.,
       56., 190., 50., 2., 0., 0., 3., 85., 1., 19., 104., 137., 91., 3.,
       4., 1., 8., 32., 4., 32., 41., 93., 10., 6., 8., 4., 5., 15., 1.,
       46., 27., 72., 12., 5., 2., 4., 0., 2., 7., 56., 57., 57., 41.,
       1., 6., 10., 3., 4., 12., 55., 58., 46., 38., 10., 2., 10., 6.,
       2., 12., 16., 43., 40., 60., 25., 11., 18., 3., 0., 6., 23., 43.,
       35., 125., 17., 12., 19., 5., 0., 139., 144., 92., 262., 1172.,
       78., 227., 322., 6., 0., 0., 0., 4., 14., 4., 0., 0., 0., 0.,
       163., 0., 10., 26., 8., 0., 0., 1., 0., 0., 0., 1., 18., 25., 8.,
       2., 2., 1., 0., 0., 0., 9., 59., 16., 2., 0., 0., 0., 0., 0., 0.,
       18., 52., 11., 0., 0., 0., 0., 0., 0., 0., 11., 84., 1., 0., 0.,
       0., 0., 0., 0., 0., 3., 77., 1., 1., 0., 0., 0., 0., 0., 0., 8.,
       6., 7., 0., 0., 0., 0., 0., 0., 0., 12., 12., 0., 0., 1., 0., 0.,
       0., 0., 0., 39., 30., 6., 1., 0., 0., 0., 0., 0., 0., 0., 0., 1.,
       10., 1., 0., 0., 0., 0., 2., 0., 13., 26., 0., 0., 0., 0., 0., 0.,
       0., 1., 24., 3., 0., 0., 0., 0., 0., 0., 0., 0., 46., 2., 0., 0.,
       0., 0., 0., 0., 0., 3., 61., 0., 0., 0., 0., 0., 0., 0., 0., 11.,
       11., 1., 1., 0., 0., 0., 0., 0., 0., 1., 34., 0., 0., 0., 0., 0.,
       0., 0., 0., 3., 1., 0., 0., 0., 0., 0., 0., 0., 0., 1., 0., 0.,
       0., 0., 0., 0., 0., 0., 0., 20., 5., 0., 0., 0., 0., 0., 0., 0.,
       0., 0., 1., 0., 0., 0., 0., 0., 0., 0., 0., 0., 0., 0., 0., 0.,
       0., 0., 0., 0., 0., 1., 0., 1., 0., 0., 0., 0., 0., 0., 0., 0.,
       5., 1., 0., 0., 0., 0., 0., 0., 0., 0., 0., 0., 0., 0., 0., 0.,
       0., 0., 0., 1., 0., 0., 0., 0., 0., 0., 0., 0., 0., 0., 0., 0.,
       0., 0., 0., 0., 0., 0., 0., 0., 0., 0., 0., 0., 0., 0., 0., 0.,
       0., 0., 0., 0., 0., 0., 0., 0., 0., 0., 0., 9., 0., 0., 0., 0.,
       0., 0., 0., 0., 0., 0., 0., 0., 0., 0., 0., 0., 0., 0., 0., 0.,
       0., 1., 1., 0., 0., 0., 0., 0., 0., 0., 5., 3., 1., 0., 0., 0.,
       0., 0., 0., 1., 0., 0., 0., 0., 0., 0., 0., 0., 0., 4., 0., 0.,
       0., 0., 0., 0., 0., 0., 0., 0., 0., 0., 0., 0., 0., 0., 0., 0.,
       0., 0., 0., 0., 0., 0., 0., 0., 0., 0., 0., 0., 0., 0., 0., 0.,
       0., 0., 0., 0., 0., 0., 0., 0., 0., 0., 0., 0., 0., 0., 0., 1.,
       0., 0., 0., 0., 0., 0., 0., 0., 0., 0., 0., 10., 0., 0., 0., 0.,
       0., 0., 0., 0., 8., 2., 2., 0., 0., 0., 0., 0., 0., 1., 3., 2.,
       1., 0., 0., 0., 0., 0., 0., 0., 6., 0., 0., 0., 0., 0., 0., 0.,
       0., 0., 1., 1., 0., 0., 0., 0., 0., 0., 0., 2., 1., 0., 0., 0.,
       0., 0., 0., 0., 0., 0., 1., 0., 0., 0., 0., 0., 0., 0., 0., 0.,
       0., 0., 0., 0., 0., 0., 0., 0., 0., 0., 0., 0., 0., 0., 0., 0.,
       0., 0., 0., 3., 0., 0., 0., 0., 0., 0., 0., 0., 0., 0., 0., 0.,
       3., 0., 0., 0., 0., 0., 0., 0., 18., 8., 4., 0., 0., 0., 0., 0.,
       0., 4., 29., 0., 1., 0., 0., 0., 0., 0., 0., 10., 0., 1., 0., 0.,
       0., 0., 0., 0., 0., 2., 0., 0., 0., 0., 0., 0., 0., 0., 0., 0.,
       0., 0., 0., 0., 0., 0., 0., 0., 0., 0., 0., 0., 0., 0., 0., 0.,
       0., 0., 0., 0., 0., 0., 0., 0., 0., 0., 0., 0., 0., 0., 0., 0.,
       0., 0., 0., 0., 0., 0., 0., 1., 0., 0., 0., 0., 0., 0., 0., 0.,
       0., 0., 0., 0., 7., 0., 0., 0., 0., 0., 0., 1., 2., 7., 1., 0.,
       0., 0., 0., 0., 0., 0., 4., 1., 1., 0., 0., 0., 0., 0., 0., 1.,
       9., 2., 1., 0., 0., 0., 0., 0., 0., 1., 5., 0., 0., 0., 0., 0.,
       0., 0., 0., 0., 2., 0., 0., 0., 0., 0., 0., 0., 0., 0., 4., 0.,
       0., 0., 0., 0., 0., 0., 0., 0., 0., 0., 0., 0., 0., 0., 0., 0.,
       0., 1., 0., 0., 0., 0., 0., 0., 0., 0., 0., 1., 0., 0., 0., 0.,
       0., 0., 0., 0., 0., 0., 0., 6., 1., 0., 0., 0., 0., 0., 0., 0.,
       21., 16., 10., 0., 1., 0., 0., 0., 0., 1., 15., 7., 8., 0., 0.,
       0., 0., 0., 0., 0., 14., 4., 8., 2., 0., 0., 0., 0., 0., 3., 5.,
       1., 2., 0., 0., 0., 0., 0., 0., 4., 0., 0., 0., 0., 0., 0., 0.,
       0., 0., 5., 1., 1., 0., 0., 0., 0., 0., 0., 0., 1., 0., 0., 0.,
       0., 0., 0., 0., 0., 0., 2., 2., 0., 0., 0., 0., 0., 0., 0., 0.,
       4., 2., 0., 0., 0., 0., 0., 0., 0., 0., 0., 0., 0., 5., 1., 0.,
       0., 0., 0., 0., 0., 0., 6., 13., 4., 0., 0., 0., 0., 0., 0., 3.,
       28., 14., 6., 0., 0., 0., 0., 0., 0., 11., 11., 12., 5., 0., 0.,
       0., 0., 0., 2., 38., 13., 22., 6., 0., 0., 0., 0., 0., 0., 35.,
       5., 13., 1., 0., 0., 0., 0., 0., 3., 13., 10., 7., 0., 0., 0., 0.,
       0., 0., 5., 8., 9., 1., 0., 0., 0., 0., 0., 0., 2., 5., 6., 0.,
       0., 0., 0., 0., 0., 0., 7., 1., 0., 0., 0., 0., 0., 0., 0., 0.,
       0., 2., 1., 27., 5., 0., 0., 0., 2., 0., 1., 28., 23., 26., 29.,
       5., 0., 0., 0., 0., 6., 60., 32., 51., 20., 6., 2., 0., 0., 0.,
       23., 99., 46., 41., 12., 8., 0., 0., 0., 0., 6., 298., 88., 54.,
       4., 0., 0., 0., 0., 0., 11., 56., 327., 52., 2., 0., 0., 0., 0.,
       0., 8., 26., 414., 19., 0., 0., 0., 0., 0., 0., 2., 27., 78., 4.,
       0., 0., 0., 0., 0., 0., 4., 32., 15., 1., 0., 0., 0., 0., 0., 0.,
       8., 20., 2., 0., 0., 0., 0., 0., 0., 0., 0., 0., 26., 49., 221.,
       7., 4., 0., 1., 2., 2., 18., 51., 72., 140., 88., 1., 1., 2., 0.,
       5., 16., 87., 84., 68., 20., 1., 0., 1., 0., 4., 82., 71., 50.,
       30., 11., 4., 0., 0., 0., 2., 157., 54., 30., 14., 3., 1., 0., 0.,
       0., 2., 83., 106., 40., 7., 1., 0., 0., 0., 0., 5., 60., 81., 18.,
       5., 0., 0., 0., 0., 0., 9., 24., 42., 3., 0., 0., 0., 0., 0., 0.,
       9., 34., 15., 1., 1., 0., 0., 0., 0., 0., 11., 12., 7., 1., 0.,
       0., 0., 0., 0., 0., 0., 6., 47., 84., 511., 11., 1., 2., 3., 4.,
       2., 73., 68., 120., 187., 45., 6., 7., 3., 1., 4., 245., 115.,
       91., 61., 31., 1., 2., 0., 0., 29., 165., 72., 55., 15., 14., 1.,
       1., 3., 0., 58., 96., 54., 26., 4., 1., 1., 1., 0., 0., 33., 105.,
       17., 14., 3., 1., 0., 0., 0., 0., 16., 93., 28., 4., 0., 0., 0.,
       0., 0., 0., 6., 33., 27., 0., 0., 0., 0., 0., 0., 0., 9., 28.,
       15., 0., 0., 0., 0., 0., 0., 0., 11., 16., 0., 0., 0., 0., 0., 0.,
