%YAML:1.0
histogram: !!opencv-nd-matrix
   sizes: [ 20, 10, 10 ]
   dt: f
   data: [ 10., 10., 7., 4., 8., 36., 128., 147., 10., 0., 0., 0., 8.,
       26., 80., 126., 161., 86., 5., 0., 1., 6., 47., 52., 72., 170.,
       123., 35., 8., 0., 1., 18., 66., 61., 64., 145., 56., 35., 3., 0.,
       0., 15., 76., 43., 109., 181., 50., 14., 1., 0., 1., 20., 41.,
       56., 263., 269., 26., 1., 0., 0., 2., 25., 29., 76., 206., 136.,
       2., 0., 0., 0., 4., 14., 26., 56., 69., 48., 0., 0., 0., 0., 4.,
       15., 7., 22., 10., 10., 0., 0., 0., 0., 47., 64., 63., 36., 11.,
       0., 0., 0., 0., 0., 0., 0., 0., 3., 11., 18., 62., 173., 7., 0.,
       0., 1., 16., 22., 57., 136., 579., 445., 23., 0., 0., 6., 20.,
       33., 148., 381., 387., 166., 9., 0., 0., 13., 21., 58., 175.,
       423., 301., 116., 9., 0., 1., 11., 32., 59., 117., 333., 338.,
       72., 7., 0., 3., 17., 40., 67., 158., 472., 407., 52., 1., 0., 2.,
       15., 41., 67., 208., 500., 237., 17., 1., 0., 0., 22., 34., 65.,
       170., 610., 189., 8., 1., 0., 5., 23., 31., 103., 123., 710., 96.,
       2., 0., 0., 41., 142., 224., 313., 302., 427., 26., 0., 0., 0.,
       0., 0., 2., 12., 11., 19., 32., 83., 4., 0., 1., 4., 15., 19.,
       27., 105., 743., 706., 26., 0., 1., 8., 7., 17., 81., 268., 904.,
       786., 43., 0., 0., 9., 21., 30., 115., 497., 1154., 712., 20., 0.,
       7., 13., 20., 52., 151., 713., 1269., 467., 17., 0., 3., 10., 16.,
       69., 186., 832., 1560., 462., 14., 0., 2., 10., 26., 53., 235.,
       930., 1665., 464., 11., 0., 1., 14., 26., 63., 231., 1079., 1656.,
       381., 9., 0., 5., 13., 38., 65., 225., 1133., 1307., 216., 3., 0.,
       40., 150., 258., 471., 861., 3887., 2389., 242., 1., 0., 0., 0.,
       0., 0., 5., 7., 25., 40., 0., 0., 1., 2., 3., 8., 18., 44., 53.,
       27., 0., 0., 0., 6., 15., 12., 17., 23., 41., 65., 2., 0., 0., 4.,
       4., 11., 25., 20., 55., 91., 5., 0., 1., 9., 10., 10., 9., 33.,
       37., 87., 6., 0., 0., 5., 8., 13., 17., 35., 56., 146., 3., 0.,
       0., 4., 7., 10., 17., 30., 67., 322., 5., 0., 1., 2., 7., 14.,
       19., 41., 80., 499., 5., 0., 1., 6., 5., 10., 24., 52., 99., 338.,
       9., 0., 29., 50., 36., 96., 104., 878., 338., 1268., 12., 0., 0.,
       0., 2., 4., 4., 4., 3., 9., 0., 0., 0., 2., 5., 11., 3., 2., 2.,
       0., 0., 0., 0., 5., 2., 15., 5., 0., 2., 0., 0., 0., 0., 0., 2.,
       22., 11., 10., 0., 0., 0., 0., 3., 0., 1., 17., 20., 2., 0., 0.,
       0., 0., 0., 1., 1., 9., 7., 0., 0., 0., 0., 0., 1., 2., 1., 2.,
       2., 0., 0., 0., 0., 0., 1., 1., 4., 2., 1., 0., 0., 0., 0., 0.,
       0., 0., 4., 0., 0., 0., 0., 0., 0., 0., 10., 7., 6., 1., 0., 0.,
       0., 0., 0., 0., 0., 0., 1., 3., 1., 0., 1., 0., 0., 0., 0., 2.,
       6., 6., 3., 0., 1., 0., 0., 0., 0., 1., 0., 16., 3., 1., 0., 0.,
       0., 0., 0., 1., 1., 1., 1., 0., 0., 0., 0., 0., 1., 3., 1., 2.,
       0., 0., 0., 0., 0., 0., 0., 0., 1., 1., 0., 0., 0., 0., 0., 0.,
       2., 1., 1., 0., 0., 0., 0., 0., 0., 0., 0., 0., 0., 0., 0., 0.,
       0., 0., 0., 0., 0., 0., 0., 0., 0., 0., 0., 0., 0., 0., 8., 5.,
       0., 0., 0., 0., 0., 0., 0., 0., 0., 1., 1., 0., 0., 1., 1., 0.,
       0., 0., 0., 0., 0., 10., 7., 0., 0., 0., 0., 0., 0., 0., 0., 5.,
       0., 0., 0., 0., 0., 0., 0., 0., 0., 0., 0., 0., 0., 0., 0., 0.,
       0., 0., 0., 0., 0., 0., 0., 0., 0., 0., 0., 0., 1., 0., 0., 0.,
       0., 0., 0., 0., 0., 0., 0., 0., 0., 0., 0., 0., 0., 0., 0., 0.,
       0., 0., 0., 0., 0., 0., 0., 0., 0., 0., 0., 0., 0., 0., 0., 0.,
       0., 0., 10., 1., 0., 0., 0., 0., 0., 0., 0., 0., 0., 0., 0., 2.,
       1., 2., 0., 0., 0., 0., 0., 0., 1., 6., 0., 0., 0., 0., 0., 0.,
       0., 0., 0., 2., 0., 0., 0., 0., 0., 0., 0., 0., 0., 0., 0., 0.,
       0., 0., 0., 0., 0., 0., 0., 0., 0., 0., 0., 0., 0., 0., 0., 0.,
       0., 0., 0., 0., 0., 0., 0., 0., 0., 0., 0., 0., 0., 0., 0., 0.,
       0., 0., 0., 0., 0., 0., 0., 0., 0., 0., 0., 0., 0., 0., 0., 0.,
       0., 0., 0., 0., 0., 0., 1., 0., 0., 0., 0., 0., 0., 0., 0., 0.,
       0., 1., 4., 2., 3., 4., 2., 8., 0., 0., 0., 4., 0., 2., 0., 0.,
       0., 0., 0., 0., 0., 2., 2., 0., 0., 0., 0., 0., 0., 0., 0., 2.,
       0., 2., 0., 0., 0., 0., 0., 0., 0., 1., 0., 0., 0., 0., 0., 0.,
       0., 0., 0., 0., 0., 0., 0., 0., 0., 0., 0., 0., 0., 0., 0., 0.,
       0., 0., 0., 0., 0., 0., 0., 0., 0., 0., 0., 0., 0., 0., 0., 0.,
       0., 0., 0., 0., 0., 0., 0., 0., 0., 0., 0., 0., 0., 0., 0., 0.,
       0., 0., 0., 0., 0., 0., 0., 0., 2., 0., 0., 0., 0., 0., 0., 1.,
       1., 3., 1., 0., 0., 0., 0., 0., 0., 1., 0., 0., 0., 1., 0., 0.,
       0., 0., 1., 0., 0., 0., 0., 0., 0., 0., 0., 0., 2., 0., 0., 0.,
       0., 0., 0., 0., 0., 0., 0., 0., 0., 0., 0., 0., 0., 0., 0., 0.,
       0., 0., 0., 0., 0., 0., 0., 0., 0., 0., 0., 0., 0., 0., 0., 0.,
       0., 0., 0., 0., 0., 1., 0., 0., 0., 0., 0., 0., 0., 0., 0., 1.,
       0., 0., 0., 0., 0., 0., 0., 0., 0., 0., 0., 4., 5., 1., 1., 3.,
       0., 0., 0., 1., 3., 2., 2., 3., 0., 0., 0., 0., 0., 2., 1., 0.,
       1., 0., 0., 0., 0., 0., 0., 1., 1., 2., 0., 0., 0., 0., 0., 0.,
       0., 0., 0., 1., 0., 0., 0., 0., 0., 0., 1., 1., 0., 0., 0., 0.,
       0., 0., 0., 0., 0., 0., 1., 0., 0., 0., 0., 0., 0., 0., 0., 0.,
       0., 0., 0., 0., 0., 0., 0., 0., 0., 0., 0., 0., 0., 0., 0., 0.,
       0., 0., 1., 0., 0., 0., 0., 0., 0., 0., 0., 0., 0., 0., 1., 0.,
       1., 2., 3., 1., 1., 0., 0., 0., 9., 9., 1., 3., 3., 2., 1., 0.,
       0., 2., 2., 0., 1., 1., 1., 0., 0., 0., 0., 0., 5., 1., 1., 2.,
       1., 0., 0., 0., 1., 2., 1., 1., 0., 1., 0., 0., 0., 0., 0., 1.,
       3., 4., 2., 0., 0., 0., 0., 0., 0., 1., 3., 1., 0., 0., 0., 0.,
       0., 0., 0., 1., 1., 1., 1., 0., 0., 0., 0., 0., 0., 2., 0., 0.,
       0., 0., 0., 0., 0., 0., 2., 1., 0., 1., 0., 0., 0., 0., 0., 0.,
       0., 0., 0., 4., 3., 0., 5., 32., 1., 0., 0., 1., 4., 3., 6., 2.,
       6., 2., 4., 0., 0., 2., 7., 9., 5., 7., 10., 1., 0., 0., 2., 3.,
       7., 4., 3., 5., 6., 1., 0., 0., 0., 1., 7., 13., 7., 1., 3., 2.,
       0., 0., 0., 3., 5., 12., 4., 3., 2., 0., 0., 0., 2., 0., 5., 7.,
       1., 0., 0., 0., 0., 0., 0., 1., 3., 1., 2., 0., 0., 0., 0., 0.,
       1., 0., 0., 2., 0., 0., 0., 0., 0., 0., 1., 3., 5., 1., 0., 0.,
       0., 0., 0., 0., 0., 0., 4., 5., 1., 13., 14., 205., 39., 0., 0.,
       3., 16., 8., 15., 17., 22., 21., 76., 1., 0., 2., 9., 21., 19.,
       11., 25., 17., 8., 6., 0., 3., 15., 31., 26., 19., 14., 8., 1.,
       3., 0., 1., 10., 56., 56., 7., 10., 2., 0., 0., 0., 7., 6., 24.,
       15., 3., 4., 1., 1., 0., 2., 5., 7., 11., 5., 6., 1., 2., 0., 0.,
       2., 5., 1., 2., 2., 1., 1., 1., 0., 0., 1., 1., 2., 3., 2., 1.,
       1., 0., 0., 0., 2., 2., 3., 4., 2., 2., 0., 0., 0., 0., 0., 0.,
       8., 4., 5., 12., 24., 125., 20., 0., 0., 2., 16., 19., 14., 36.,
       57., 46., 40., 7., 1., 1., 15., 35., 33., 19., 28., 16., 21., 11.,
       0., 2., 10., 44., 19., 19., 11., 11., 5., 7., 1., 7., 9., 45.,
       30., 8., 6., 4., 1., 0., 1., 5., 5., 17., 12., 6., 3., 2., 0., 0.,
       0., 0., 11., 11., 4., 0., 0., 0., 0., 0., 2., 4., 8., 3., 2., 1.,
       0., 0., 0., 0., 0., 0., 2., 2., 0., 0., 0., 0., 0., 0., 7., 2.,
       2., 1., 1., 0., 0., 0., 0., 0., 0., 1., 11., 7., 13., 9., 36.,
       86., 9., 0., 0., 2., 13., 22., 19., 39., 61., 57., 27., 1., 1.,
       7., 36., 35., 26., 30., 32., 11., 7., 1., 0., 5., 13., 26., 24.,
       12., 10., 3., 0., 0., 0., 6., 8., 21., 9., 6., 2., 0., 0., 0., 1.,
       8., 10., 13., 5., 1., 0., 0., 0., 0., 0., 5., 9., 11., 1., 0., 0.,
       0., 0., 0., 0., 5., 10., 5., 0., 0., 0., 0., 0., 0., 0., 2., 3.,
       2., 0., 0., 0., 0., 0., 0., 3., 2., 2., 1., 0., 0., 0., 0., 0.,
       0., 0., 0., 0., 2., 3., 10., 27., 37., 7., 0., 0., 1., 4., 27.,
       21., 29., 73., 44., 7., 0., 0., 1., 32., 21., 49., 22., 27., 8.,
       2., 0., 0., 11., 22., 28., 13., 6., 3., 0., 0., 0., 0., 11., 5.,
