%YAML:1.0
histogram: !!opencv-nd-matrix
   sizes: [ 20, 10, 10 ]
   dt: f
   data: [ 36., 15., 15., 51., 376., 35., 0., 0., 1., 1154., 0., 3., 3.,
       28., 157., 45., 1., 0., 0., 0., 0., 3., 10., 20., 43., 7., 4., 0.,
       0., 0., 0., 3., 5., 30., 25., 14., 3., 0., 0., 0., 0., 3., 9.,
       25., 9., 4., 2., 0., 0., 0., 0., 3., 14., 26., 14., 2., 0., 0.,
       0., 0., 0., 3., 18., 14., 3., 0., 0., 0., 0., 0., 0., 3., 88.,
       15., 0., 0., 0., 0., 0., 0., 0., 9., 82., 17., 0., 0., 0., 0., 0.,
       0., 0., 17., 197., 20., 0., 0., 0., 0., 0., 0., 0., 0., 0., 55.,
       775., 12., 2., 0., 2., 0., 0., 0., 4., 54., 898., 91., 0., 0., 0.,
       1., 0., 0., 5., 12., 61., 29., 0., 0., 0., 0., 0., 2., 5., 23.,
       41., 7., 2., 0., 0., 0., 0., 1., 10., 19., 24., 15., 0., 1., 0.,
       0., 0., 1., 4., 29., 18., 8., 1., 0., 0., 0., 0., 2., 9., 31.,
       14., 4., 0., 0., 0., 0., 0., 3., 5., 32., 5., 3., 0., 0., 0., 0.,
       1., 4., 16., 17., 0., 0., 0., 0., 0., 0., 0., 11., 93., 21., 0.,
       0., 0., 0., 0., 0., 0., 0., 2., 72., 836., 7., 0., 5., 3., 9., 0.,
       2., 14., 159., 1777., 24., 0., 1., 1., 1., 1., 1., 4., 88., 379.,
       25., 0., 2., 0., 1., 0., 9., 10., 37., 57., 6., 2., 0., 0., 0.,
       3., 8., 5., 16., 34., 9., 0., 0., 0., 0., 2., 2., 6., 13., 23.,
       7., 2., 0., 0., 0., 0., 2., 3., 5., 10., 7., 1., 0., 0., 0., 4.,
       0., 4., 10., 8., 1., 0., 0., 0., 0., 2., 1., 1., 3., 2., 0., 0.,
       0., 0., 0., 3., 14., 14., 15., 4., 1., 0., 0., 0., 0., 0., 0., 0.,
       59., 371., 6., 3., 7., 11., 126., 0., 1., 22., 306., 534., 4., 4.,
       2., 4., 41., 0., 3., 22., 438., 379., 1., 2., 6., 15., 8., 0., 5.,
       19., 492., 190., 3., 6., 12., 8., 2., 0., 10., 8., 408., 128., 3.,
       5., 6., 1., 1., 1., 9., 13., 340., 103., 16., 13., 0., 2., 0., 2.,
       7., 10., 228., 115., 94., 2., 2., 1., 1., 5., 3., 27., 236., 165.,
       468., 6., 1., 0., 0., 2., 6., 17., 165., 404., 799., 1., 0., 0.,
       0., 11., 18., 79., 471., 1138., 343., 1., 0., 0., 0., 0., 0., 1.,
       43., 73., 6., 0., 0., 8., 106., 0., 2., 11., 220., 53., 0., 2.,
       10., 97., 50., 0., 9., 27., 342., 232., 2., 15., 37., 57., 6., 6.,
       17., 17., 684., 330., 5., 18., 49., 18., 1., 9., 6., 75., 1085.,
       401., 2., 21., 12., 2., 0., 7., 14., 94., 1965., 425., 2., 16.,
       2., 1., 0., 2., 20., 341., 3164., 676., 2., 6., 1., 0., 0., 2.,
       9., 866., 5074., 878., 1., 1., 2., 0., 0., 5., 36., 2449., 8416.,
       1084., 0., 3., 0., 0., 0., 14., 104., 11923., 13849., 348., 0.,
       0., 0., 0., 0., 0., 0., 1., 63., 27., 14., 0., 2., 12., 20., 0.,
       2., 15., 150., 41., 4., 1., 7., 13., 1., 0., 12., 12., 88., 31.,
       4., 2., 7., 1., 0., 0., 75., 73., 114., 57., 0., 1., 1., 0., 0.,
       9., 47., 121., 253., 33., 0., 1., 0., 0., 0., 9., 42., 188., 679.,
       86., 0., 0., 0., 0., 0., 0., 12., 133., 1915., 220., 0., 0., 0.,
       0., 0., 1., 6., 292., 1959., 25., 0., 0., 0., 0., 0., 0., 0.,
       1022., 876., 7., 0., 0., 0., 0., 0., 8., 44., 3624., 305., 4., 0.,
       0., 0., 0., 0., 0., 1., 0., 1., 2., 11., 0., 2., 1., 3., 0., 0.,
       2., 24., 19., 1., 2., 1., 0., 0., 0., 0., 18., 26., 8., 0., 0.,
       1., 0., 0., 0., 34., 39., 23., 5., 0., 0., 0., 0., 0., 0., 19.,
       22., 16., 1., 0., 0., 0., 0., 0., 0., 7., 27., 0., 0., 0., 0., 0.,
       0., 0., 2., 5., 0., 2., 0., 0., 0., 0., 0., 0., 1., 2., 0., 1.,
       0., 0., 0., 0., 0., 0., 0., 0., 0., 2., 0., 0., 0., 0., 0., 0.,
       5., 0., 0., 1., 0., 0., 0., 0., 0., 0., 0., 0., 0., 45., 15., 5.,
       1., 0., 1., 2., 0., 0., 7., 44., 2., 0., 2., 4., 1., 0., 0., 1.,
       6., 20., 3., 1., 1., 1., 0., 0., 1., 2., 8., 8., 2., 0., 0., 0.,
       0., 0., 1., 5., 12., 1., 0., 0., 0., 0., 0., 0., 0., 1., 8., 1.,
       0., 0., 0., 0., 0., 0., 0., 3., 0., 0., 0., 0., 0., 0., 0., 0.,
       0., 0., 0., 0., 0., 0., 0., 0., 0., 0., 1., 0., 0., 0., 0., 0.,
       0., 0., 0., 0., 0., 0., 0., 0., 0., 0., 0., 0., 0., 0., 0., 0.,
       15., 83., 16., 59., 0., 1., 4., 10., 1., 1., 8., 32., 6., 2., 0.,
       2., 1., 0., 0., 2., 5., 4., 2., 0., 0., 0., 0., 0., 0., 20., 8.,
       5., 0., 0., 0., 0., 0., 0., 1., 8., 6., 0., 0., 0., 0., 0., 0.,
       0., 0., 4., 3., 0., 1., 0., 0., 0., 0., 0., 0., 4., 0., 0., 0.,
       0., 0., 0., 0., 0., 0., 2., 0., 0., 0., 0., 0., 0., 0., 0., 0.,
       1., 0., 1., 0., 0., 0., 0., 0., 0., 0., 1., 0., 0., 0., 0., 0.,
       0., 0., 0., 0., 0., 2., 28., 9., 0., 1., 0., 0., 0., 0., 40., 9.,
       36., 4., 2., 0., 0., 0., 0., 9., 60., 1., 13., 1., 0., 0., 0., 0.,
       0., 33., 0., 7., 4., 0., 0., 1., 0., 0., 0., 2., 3., 2., 0., 0.,
       0., 0., 0., 0., 0., 2., 4., 2., 0., 0., 0., 0., 0., 0., 0., 0.,
       2., 3., 0., 0., 0., 0., 0., 0., 0., 0., 3., 0., 0., 0., 0., 0.,
       0., 0., 0., 0., 2., 0., 0., 0., 0., 0., 0., 0., 0., 1., 0., 0.,
       0., 0., 0., 0., 0., 0., 0., 0., 0., 2., 77., 36., 69., 0., 0., 0.,
       2., 0., 1., 6., 32., 8., 2., 0., 0., 0., 0., 0., 7., 13., 21., 0.,
       0., 0., 0., 0., 0., 0., 20., 3., 9., 0., 0., 0., 0., 0., 0., 0.,
       29., 5., 4., 0., 0., 0., 0., 0., 0., 0., 19., 1., 0., 0., 0., 0.,
       0., 0., 0., 0., 12., 2., 0., 0., 0., 0., 0., 0., 0., 1., 6., 0.,
       0., 0., 0., 0., 0., 0., 0., 0., 5., 0., 0., 0., 0., 0., 0., 0.,
       0., 1., 0., 0., 0., 0., 0., 0., 0., 0., 0., 0., 0., 4., 3., 7.,
       96., 0., 2., 0., 0., 0., 5., 17., 175., 18., 16., 1., 0., 0., 0.,
       0., 17., 8., 41., 19., 18., 0., 0., 0., 0., 0., 36., 18., 38., 8.,
       5., 0., 0., 0., 0., 5., 19., 9., 44., 3., 1., 0., 0., 0., 0., 0.,
       7., 6., 19., 3., 0., 0., 0., 0., 0., 0., 7., 7., 10., 1., 1., 0.,
       0., 0., 0., 0., 3., 14., 26., 4., 1., 0., 0., 0., 0., 0., 1., 8.,
       6., 0., 0., 0., 0., 0., 0., 0., 3., 0., 0., 0., 0., 0., 0., 0.,
       0., 0., 0., 0., 51., 34., 109., 0., 2., 3., 3., 0., 0., 6., 40.,
       24., 76., 10., 0., 0., 0., 0., 1., 8., 85., 57., 12., 0., 0., 0.,
       0., 0., 9., 13., 50., 21., 12., 1., 0., 1., 0., 0., 17., 15., 33.,
       11., 0., 1., 0., 0., 0., 0., 12., 12., 30., 17., 1., 0., 0., 1.,
       0., 0., 3., 11., 57., 18., 2., 1., 1., 0., 0., 0., 1., 13., 60.,
       7., 6., 0., 0., 0., 0., 0., 1., 3., 7., 4., 0., 0., 0., 0., 0.,
       0., 0., 1., 1., 0., 0., 0., 0., 0., 0., 0., 0., 5., 62., 53., 63.,
       0., 2., 0., 2., 0., 3., 5., 33., 44., 34., 8., 0., 0., 0., 0., 7.,
       10., 38., 23., 8., 1., 0., 0., 0., 5., 4., 9., 22., 5., 0., 0.,
       0., 0., 0., 0., 4., 2., 7., 6., 0., 0., 0., 0., 0., 0., 3., 1.,
       8., 0., 0., 0., 0., 0., 0., 0., 0., 2., 0., 0., 0., 0., 0., 0.,
       0., 0., 1., 1., 0., 0., 0., 0., 0., 0., 0., 0., 0., 0., 0., 0.,
       0., 0., 0., 0., 0., 0., 2., 0., 0., 0., 0., 0., 0., 0., 0., 0.,
       1., 5., 28., 86., 29., 0., 0., 0., 0., 0., 5., 2., 22., 22., 9.,
       1., 0., 0., 0., 0., 1., 4., 10., 17., 7., 1., 0., 0., 0., 0., 3.,
       2., 2., 7., 0., 2., 0., 0., 0., 0., 1., 1., 5., 0., 1., 0., 0.,
       0., 0., 0., 0., 0., 0., 2., 1., 0., 0., 0., 0., 0., 1., 0., 1.,
       0., 0., 0., 0., 0., 0., 0., 0., 0., 0., 0., 0., 0., 0., 0., 0.,
       0., 0., 0., 0., 0., 0., 0., 0., 0., 0., 0., 0., 0., 0., 0., 0.,
       0., 0., 0., 0., 0., 1., 8., 50., 119., 13., 0., 1., 1., 0., 0.,
       0., 0., 24., 36., 8., 2., 0., 0., 0., 0., 1., 1., 4., 12., 12.,
       0., 0., 0., 0., 0., 5., 2., 2., 9., 3., 7., 0., 0., 0., 3., 0.,
       1., 2., 7., 1., 1., 0., 0., 0., 0., 0., 0., 5., 1., 0., 0., 0.,
       0., 0., 0., 0., 1., 4., 1., 0., 0., 0., 0., 0., 0., 0., 0., 2.,
       0., 0., 0., 0., 0., 0., 0., 0., 1., 2., 0., 0., 0., 0., 0., 0.,
       0., 0., 0., 0., 0., 0., 0., 0., 0., 0., 0., 0., 0., 2., 58., 6.,
       0., 0., 0., 0., 0., 0., 2., 19., 7., 7., 3., 0., 0., 0., 0., 1.,
       2., 3., 6., 3., 0., 0., 0., 0., 0., 0., 3., 7., 2., 0., 0., 0.,
       0., 0., 0., 1., 2., 8., 0., 1., 0., 0., 0., 0., 0., 2., 2., 3.,
